Obs.	ps-z1	ps-z2	ps-z6	ps-z7	ps-z9	mds-sl	mds-ss	BA	nour-gp	nour-pp	kaw-fou	ps-z11	ps-24	ps-zp
ps-z1	0.000000	0.012225	0.009963	0.028181	0.021284	0.009899	0.034568	0.064464	0.059454	0.036085	0.128619	0.011381	0.017188	-0.012169
ps-z2	0.012225	0.000000	0.003305	0.009693	0.017700	0.017298	0.031639	0.064738	0.057993	0.046388	0.082268	0.030343	0.007058	0.000090
ps-z6	0.009963	0.003305	0.000000	0.003085	0.015554	0.024721	0.024667	0.084473	0.048165	0.039152	0.123082	0.019564	0.000359	-0.013155
ps-z7	0.028181	0.009693	0.003085	0.000000	0.021060	0.015326	0.014186	0.069244	0.027420	0.043084	0.104618	0.022738	0.010796	-0.012446
ps-z9	0.021284	0.017700	0.015554	0.021060	0.000000	0.018020	-0.001190	0.056506	0.046658	0.050675	0.112211	0.030842	0.014865	0.012342
mds-sl	0.009899	0.017298	0.024721	0.015326	0.018020	0.000000	-0.003801	0.010313	0.042211	0.026860	0.096843	-0.004252	0.026068	-0.015849
mds-ss	0.034568	0.031639	0.024667	0.014186	-0.001190	-0.003801	0.000000	0.040476	0.037197	0.036767	0.099908	0.008565	0.016074	0.008641
BA	0.064464	0.064738	0.084473	0.069244	0.056506	0.010313	0.040476	0.000000	0.029012	0.034961	0.111618	0.072806	0.062039	0.032871
nour-gp	0.059454	0.057993	0.048165	0.027420	0.046658	0.042211	0.037197	0.029012	0.000000	0.031084	0.121493	0.074986	0.037736	0.018077
nour-pp	0.036085	0.046388	0.039152	0.043084	0.050675	0.026860	0.036767	0.034961	0.031084	0.000000	0.112044	0.029978	0.030229	0.015059
kaw-fou	0.128619	0.082268	0.123082	0.104618	0.112211	0.096843	0.099908	0.111618	0.121493	0.112044	0.000000	0.129949	0.102278	0.112446
ps-z11	0.011381	0.030343	0.019564	0.022738	0.030842	-0.004252	0.008565	0.072806	0.074986	0.029978	0.129949	0.000000	0.017206	-0.008288
ps-24	0.017188	0.007058	0.000359	0.010796	0.014865	0.026068	0.016074	0.062039	0.037736	0.030229	0.102278	0.017206	0.000000	-0.004246
ps-zp	-0.012169	0.000090	-0.013155	-0.012446	0.012342	-0.015849	0.008641	0.032871	0.018077	0.015059	0.112446	-0.008288	-0.004246	0.000000
