Obs.	JH	TM	XJ	SH	XS	TT	BF	LH	MS	DX	DM	PC	AS	XX	DH	CG	JT	FC	MA	TH	DB	ZJ	QL	PT	CT	QS	SS
JH	0.000000	0.123379	0.234577	0.169449	0.137458	0.179655	0.089091	0.122006	0.098632	0.049817	0.050882	0.140735	0.111648	0.178459	0.106383	0.076032	0.145400	0.106715	0.080698	0.103053	0.140781	0.047169	0.138100	0.115312	0.109805	0.195331	0.204447
TM	0.123379	0.000000	0.210075	0.058304	0.085257	0.121882	0.138464	0.072029	0.247878	0.158524	0.144089	0.130530	0.074074	0.141755	0.070793	0.144121	0.124345	0.186825	0.144147	0.094561	0.084214	0.090438	0.117717	0.067995	0.160292	0.200931	0.155975
XJ	0.234577	0.210075	0.000000	0.151023	0.136967	0.142210	0.162105	0.123359	0.334585	0.252734	0.239143	0.135864	0.198535	0.218825	0.161538	0.213414	0.148926	0.202050	0.155075	0.179505	0.175372	0.208286	0.129084	0.152323	0.224487	0.156429	0.187618
SH	0.169449	0.058304	0.151023	0.000000	0.056178	0.079043	0.110075	0.071811	0.241340	0.173446	0.151096	0.119134	0.115396	0.131626	0.070169	0.118312	0.096776	0.153693	0.114079	0.103880	0.101282	0.129376	0.097022	0.098572	0.153878	0.142211	0.139707
XS	0.137458	0.085257	0.136967	0.056178	0.000000	0.022418	0.040280	0.023811	0.166165	0.108071	0.072913	0.046063	0.058899	0.086123	0.015609	0.073304	0.040127	0.074009	0.053274	0.021836	0.025896	0.054178	0.012504	0.029416	0.060066	0.056803	0.052116
TT	0.179655	0.121882	0.142210	0.079043	0.022418	0.000000	0.056277	0.046452	0.240367	0.150992	0.105105	0.087567	0.083432	0.163531	0.032994	0.124047	0.038445	0.126990	0.088558	0.088596	0.091725	0.105221	0.027329	0.057547	0.111207	0.049552	0.053387
BF	0.089091	0.138464	0.162105	0.110075	0.040280	0.056277	0.000000	0.073884	0.110457	0.033522	0.025514	0.054191	0.081634	0.116960	0.040556	0.053835	0.049292	0.047004	0.010583	0.068704	0.095065	0.044963	0.030699	0.056463	0.049879	0.053457	0.059696
LH	0.122006	0.072029	0.123359	0.071811	0.023811	0.046452	0.073884	0.000000	0.189505	0.133248	0.083418	0.048931	0.035569	0.098753	0.020691	0.095367	0.037928	0.110593	0.078419	0.043125	0.028245	0.062849	0.044453	0.022053	0.105466	0.085820	0.078820
MS	0.098632	0.247878	0.334585	0.241340	0.166165	0.240367	0.110457	0.189505	0.000000	0.040972	0.089050	0.199329	0.229257	0.222664	0.173852	0.062030	0.216991	0.099937	0.103498	0.132495	0.195526	0.106148	0.189004	0.187290	0.099612	0.237296	0.262680
DX	0.049817	0.158524	0.252734	0.173446	0.108071	0.150992	0.033522	0.133248	0.040972	0.000000	0.032484	0.136880	0.143489	0.178394	0.100704	0.021707	0.127758	0.048895	0.051328	0.099459	0.132328	0.043319	0.107778	0.101838	0.041718	0.166370	0.170917
DM	0.050882	0.144089	0.239143	0.151096	0.072913	0.105105	0.025514	0.083418	0.089050	0.032484	0.000000	0.096983	0.080111	0.151317	0.058515	0.048542	0.082502	0.058493	0.040903	0.073714	0.098615	0.016573	0.070390	0.068362	0.058887	0.121860	0.128229
PC	0.140735	0.130530	0.135864	0.119134	0.046063	0.087567	0.054191	0.048931	0.199329	0.136880	0.096983	0.000000	0.075334	0.036673	0.031318	0.105202	0.048773	0.088894	0.040542	0.051781	0.052254	0.062788	0.033943	0.033659	0.094483	0.047688	0.070582
AS	0.111648	0.074074	0.198535	0.115396	0.058899	0.083432	0.081634	0.035569	0.229257	0.143489	0.080111	0.075334	0.000000	0.116617	0.027341	0.119808	0.058485	0.142569	0.101704	0.072206	0.066865	0.051537	0.082805	0.027101	0.127689	0.116140	0.084438
XX	0.178459	0.141755	0.218825	0.131626	0.086123	0.163531	0.116960	0.098753	0.222664	0.178394	0.151317	0.036673	0.116617	0.000000	0.080272	0.125367	0.112447	0.133037	0.074658	0.082525	0.098243	0.095130	0.107294	0.079203	0.140803	0.117349	0.140409
DH	0.106383	0.070793	0.161538	0.070169	0.015609	0.032994	0.040556	0.020691	0.173852	0.100704	0.058515	0.031318	0.027341	0.080272	0.000000	0.073885	0.028648	0.076771	0.047414	0.031341	0.039352	0.034504	0.020210	0.020065	0.070267	0.057289	0.064941
CG	0.076032	0.144121	0.213414	0.118312	0.073304	0.124047	0.053835	0.095367	0.062030	0.021707	0.048542	0.105202	0.119808	0.125367	0.073885	0.000000	0.101038	0.026269	0.046263	0.071990	0.092013	0.042758	0.070325	0.088131	0.019301	0.125942	0.170139
JT	0.145400	0.124345	0.148926	0.096776	0.040127	0.038445	0.049292	0.037928	0.216991	0.127758	0.082502	0.048773	0.058485	0.112447	0.028648	0.101038	0.000000	0.104426	0.064519	0.072233	0.072223	0.073821	0.031617	0.032619	0.104298	0.056682	0.071261
FC	0.106715	0.186825	0.202050	0.153693	0.074009	0.126990	0.047004	0.110593	0.099937	0.048895	0.058493	0.088894	0.142569	0.133037	0.076771	0.026269	0.104426	0.000000	0.020054	0.083410	0.110816	0.054643	0.055982	0.096470	0.006230	0.089652	0.168612
MA	0.080698	0.144147	0.155075	0.114079	0.053274	0.088558	0.010583	0.078419	0.103498	0.051328	0.040903	0.040542	0.101704	0.074658	0.047414	0.046263	0.064519	0.020054	0.000000	0.054194	0.092575	0.032354	0.037478	0.058751	0.042800	0.055536	0.110921
TH	0.103053	0.094561	0.179505	0.103880	0.021836	0.088596	0.068704	0.043125	0.132495	0.099459	0.073714	0.051781	0.072206	0.082525	0.031341	0.071990	0.072233	0.083410	0.054194	0.000000	0.024930	0.033236	0.044734	0.033715	0.067313	0.100618	0.100632
DB	0.140781	0.084214	0.175372	0.101282	0.025896	0.091725	0.095065	0.028245	0.195526	0.132328	0.098615	0.052254	0.066865	0.098243	0.039352	0.092013	0.072223	0.110816	0.092575	0.024930	0.000000	0.056150	0.049968	0.027172	0.091934	0.120705	0.099466
ZJ	0.047169	0.090438	0.208286	0.129376	0.054178	0.105221	0.044963	0.062849	0.106148	0.043319	0.016573	0.062788	0.051537	0.095130	0.034504	0.042758	0.073821	0.054643	0.032354	0.033236	0.056150	0.000000	0.049295	0.031544	0.049524	0.114681	0.125415
QL	0.138100	0.117717	0.129084	0.097022	0.012504	0.027329	0.030699	0.044453	0.189004	0.107778	0.070390	0.033943	0.082805	0.107294	0.020210	0.070325	0.031617	0.055982	0.037478	0.044734	0.049968	0.049295	0.000000	0.022807	0.041857	0.023005	0.076910
PT	0.115312	0.067995	0.152323	0.098572	0.029416	0.057547	0.056463	0.022053	0.187290	0.101838	0.068362	0.033659	0.027101	0.079203	0.020065	0.088131	0.032619	0.096470	0.058751	0.033715	0.027172	0.031544	0.022807	0.000000	0.070359	0.067651	0.074929
CT	0.109805	0.160292	0.224487	0.153878	0.060066	0.111207	0.049879	0.105466	0.099612	0.041718	0.058887	0.094483	0.127689	0.140803	0.070267	0.019301	0.104298	0.006230	0.042800	0.067313	0.091934	0.049524	0.041857	0.070359	0.000000	0.087976	0.154245
QS	0.195331	0.200931	0.156429	0.142211	0.056803	0.049552	0.053457	0.085820	0.237296	0.166370	0.121860	0.047688	0.116140	0.117349	0.057289	0.125942	0.056682	0.089652	0.055536	0.100618	0.120705	0.114681	0.023005	0.067651	0.087976	0.000000	0.098290
SS	0.204447	0.155975	0.187618	0.139707	0.052116	0.053387	0.059696	0.078820	0.262680	0.170917	0.128229	0.070582	0.084438	0.140409	0.064941	0.170139	0.071261	0.168612	0.110921	0.100632	0.099466	0.125415	0.076910	0.074929	0.154245	0.098290	0.000000
