Obs.	JH	TM	XJ	SH	XS	TT	BF	LH	MS	DX	DM	PC	AS	XX	DH	CG	JT	FC	MA	TH	DB	ZJ	QL	PT	CT	QS	SS
JH	0.000000	0.102308	0.115977	0.080732	0.117794	0.139096	0.143141	0.145687	0.193373	0.150292	0.155583	0.176816	0.140431	0.166526	0.158540	0.152950	0.170165	0.179228	0.142931	0.162041	0.183166	0.235806	0.183263	0.176540	0.165091	0.177228	0.177137
TM	0.102308	0.000000	0.118057	0.052899	0.073308	0.099851	0.090399	0.096410	0.147693	0.161785	0.144569	0.130074	0.152578	0.123805	0.128475	0.114794	0.135773	0.152086	0.106271	0.140821	0.155283	0.215071	0.169809	0.155126	0.157177	0.153199	0.162345
XJ	0.115977	0.118057	0.000000	0.083437	0.054373	0.067458	0.080243	0.083688	0.115436	0.090965	0.107696	0.109839	0.107276	0.104162	0.093333	0.076964	0.111994	0.119677	0.090903	0.086596	0.106222	0.227849	0.122876	0.122117	0.097352	0.134201	0.125424
SH	0.080732	0.052899	0.083437	0.000000	0.054770	0.078132	0.070097	0.066175	0.112268	0.122472	0.109855	0.104117	0.118495	0.097296	0.100876	0.089378	0.105371	0.125674	0.084125	0.115329	0.131470	0.207885	0.138440	0.131591	0.124811	0.123766	0.134064
XS	0.117794	0.073308	0.054373	0.054770	0.000000	0.040072	0.035938	0.059746	0.078349	0.094324	0.084258	0.083275	0.104626	0.078021	0.087244	0.063308	0.064141	0.087418	0.065269	0.086676	0.102721	0.210945	0.146668	0.127605	0.121526	0.131704	0.134959
TT	0.139096	0.099851	0.067458	0.078132	0.040072	0.000000	0.020743	0.025931	0.052347	0.041284	0.060740	0.054735	0.076871	0.049874	0.056511	0.027904	0.030126	0.064727	0.046465	0.060835	0.057984	0.194525	0.105807	0.105174	0.082179	0.104203	0.112938
BF	0.143141	0.090399	0.080243	0.070097	0.035938	0.020743	0.000000	0.007572	0.046944	0.061234	0.059577	0.044924	0.077745	0.041874	0.055198	0.025951	0.033367	0.070929	0.038145	0.057799	0.062475	0.173638	0.130498	0.087425	0.101811	0.095935	0.130441
LH	0.145687	0.096410	0.083688	0.066175	0.059746	0.025931	0.007572	0.000000	0.063760	0.089422	0.075341	0.058913	0.082856	0.061461	0.061588	0.042552	0.065750	0.084218	0.044567	0.078795	0.073419	0.195071	0.136142	0.118233	0.114379	0.112301	0.138647
MS	0.193373	0.147693	0.115436	0.112268	0.078349	0.052347	0.046944	0.063760	0.000000	0.091585	0.124731	0.110427	0.140411	0.096421	0.118643	0.077680	0.085183	0.130712	0.101629	0.111156	0.087210	0.216106	0.171315	0.142000	0.150977	0.158920	0.177005
DX	0.150292	0.161785	0.090965	0.122472	0.094324	0.041284	0.061234	0.089422	0.091585	0.000000	0.065672	0.095456	0.069438	0.082759	0.084268	0.052287	0.073871	0.089380	0.076439	0.084366	0.072381	0.211649	0.139563	0.126455	0.105889	0.131207	0.160082
DM	0.155583	0.144569	0.107696	0.109855	0.084258	0.060740	0.059577	0.075341	0.124731	0.065672	0.000000	0.038642	0.061785	0.042648	0.040115	0.027556	0.079022	0.046687	0.049612	0.030118	0.056319	0.205892	0.130918	0.140852	0.103780	0.114769	0.145274
PC	0.176816	0.130074	0.109839	0.104117	0.083275	0.054735	0.044924	0.058913	0.110427	0.095456	0.038642	0.000000	0.090075	0.003007	0.045457	0.018407	0.049563	0.030233	0.046079	0.019067	0.059360	0.196942	0.138159	0.122624	0.113181	0.110450	0.128995
AS	0.140431	0.152578	0.107276	0.118495	0.104626	0.076871	0.077745	0.082856	0.140411	0.069438	0.061785	0.090075	0.000000	0.103287	0.076112	0.066004	0.111469	0.105702	0.085464	0.078009	0.097422	0.232723	0.126746	0.140529	0.103076	0.084934	0.132717
XX	0.166526	0.123805	0.104162	0.097296	0.078021	0.049874	0.041874	0.061461	0.096421	0.082759	0.042648	0.003007	0.103287	0.000000	0.048060	0.014267	0.049750	0.039245	0.046962	0.045399	0.059217	0.187277	0.140089	0.120269	0.112776	0.108847	0.143251
DH	0.158540	0.128475	0.093333	0.100876	0.087244	0.056511	0.055198	0.061588	0.118643	0.084268	0.040115	0.045457	0.076112	0.048060	0.000000	0.014920	0.086582	0.036885	0.009423	0.073100	0.078929	0.184687	0.097983	0.123079	0.072319	0.089020	0.112041
CG	0.152950	0.114794	0.076964	0.089378	0.063308	0.027904	0.025951	0.042552	0.077680	0.052287	0.027556	0.018407	0.066004	0.014267	0.014920	0.000000	0.043030	0.013981	0.020920	0.035551	0.052552	0.176013	0.107438	0.098318	0.075326	0.091872	0.117534
JT	0.170165	0.135773	0.111994	0.105371	0.064141	0.030126	0.033367	0.065750	0.085183	0.073871	0.079022	0.049563	0.111469	0.049750	0.086582	0.043030	0.000000	0.069557	0.069501	0.081262	0.078908	0.216272	0.137258	0.129830	0.104683	0.108910	0.126278
FC	0.179228	0.152086	0.119677	0.125674	0.087418	0.064727	0.070929	0.084218	0.130712	0.089380	0.046687	0.030233	0.105702	0.039245	0.036885	0.013981	0.069557	0.000000	0.038551	0.061431	0.088259	0.213337	0.137065	0.154267	0.105004	0.127787	0.157487
MA	0.142931	0.106271	0.090903	0.084125	0.065269	0.046465	0.038145	0.044567	0.101629	0.076439	0.049612	0.046079	0.085464	0.046962	0.009423	0.020920	0.069501	0.038551	0.000000	0.069418	0.047855	0.159289	0.094334	0.101330	0.067792	0.080959	0.135013
TH	0.162041	0.140821	0.086596	0.115329	0.086676	0.060835	0.057799	0.078795	0.111156	0.084366	0.030118	0.019067	0.078009	0.045399	0.073100	0.035551	0.081262	0.061431	0.069418	0.000000	0.056515	0.190799	0.133653	0.116059	0.091870	0.113569	0.145717
DB	0.183166	0.155283	0.106222	0.131470	0.102721	0.057984	0.062475	0.073419	0.087210	0.072381	0.056319	0.059360	0.097422	0.059217	0.078929	0.052552	0.078908	0.088259	0.047855	0.056515	0.000000	0.162068	0.117782	0.105676	0.093320	0.101036	0.178505
ZJ	0.235806	0.215071	0.227849	0.207885	0.210945	0.194525	0.173638	0.195071	0.216106	0.211649	0.205892	0.196942	0.232723	0.187277	0.184687	0.176013	0.216272	0.213337	0.159289	0.190799	0.162068	0.000000	0.174974	0.081847	0.151297	0.140395	0.255748
QL	0.183263	0.169809	0.122876	0.138440	0.146668	0.105807	0.130498	0.136142	0.171315	0.139563	0.130918	0.138159	0.126746	0.140089	0.097983	0.107438	0.137258	0.137065	0.094334	0.133653	0.117782	0.174974	0.000000	0.090184	0.020750	0.043853	0.082837
PT	0.176540	0.155126	0.122117	0.131591	0.127605	0.105174	0.087425	0.118233	0.142000	0.126455	0.140852	0.122624	0.140529	0.120269	0.123079	0.098318	0.129830	0.154267	0.101330	0.116059	0.105676	0.081847	0.090184	0.000000	0.065288	0.099669	0.136226
CT	0.165091	0.157177	0.097352	0.124811	0.121526	0.082179	0.101811	0.114379	0.150977	0.105889	0.103780	0.113181	0.103076	0.112776	0.072319	0.075326	0.104683	0.105004	0.067792	0.091870	0.093320	0.151297	0.020750	0.065288	0.000000	0.034005	0.087061
QS	0.177228	0.153199	0.134201	0.123766	0.131704	0.104203	0.095935	0.112301	0.158920	0.131207	0.114769	0.110450	0.084934	0.108847	0.089020	0.091872	0.108910	0.127787	0.080959	0.113569	0.101036	0.140395	0.043853	0.099669	0.034005	0.000000	0.106232
SS	0.177137	0.162345	0.125424	0.134064	0.134959	0.112938	0.130441	0.138647	0.177005	0.160082	0.145274	0.128995	0.132717	0.143251	0.112041	0.117534	0.126278	0.157487	0.135013	0.145717	0.178505	0.255748	0.082837	0.136226	0.087061	0.106232	0.000000
