Obs.	Ning	sha	Sui	Xiang	Huo	DHS	Hu	Sand	Nan	Ding	Wan	VH	CP	NP	MH	ML	Tai	CS	QMS	TNP	HB	SNP	DAL	KT	Wu	CI	JA	CH	ST	JP
Ning	0.000000	0.053621	0.057087	0.022275	0.067325	0.088185	0.067833	0.047897	0.133364	0.216826	0.257528	0.291817	0.325691	0.237355	0.503004	0.549712	0.456097	0.479126	0.501611	0.461679	0.456513	0.422288	0.451704	0.539031	0.462203	0.522114	0.481927	0.410410	0.405180	0.509054
sha	0.053621	0.000000	0.086642	0.092803	0.055212	0.062590	0.065422	0.069214	0.129344	0.210053	0.247601	0.276038	0.315774	0.192813	0.488468	0.532597	0.439335	0.463023	0.484763	0.444677	0.439177	0.416135	0.438005	0.515974	0.445634	0.501897	0.462792	0.394321	0.389102	0.490820
Sui	0.057087	0.086642	0.000000	0.054584	0.027634	0.100738	0.090311	0.031023	0.129456	0.191430	0.248576	0.229263	0.255933	0.127766	0.488957	0.534636	0.441656	0.465233	0.487404	0.441928	0.439565	0.404631	0.432505	0.515455	0.448426	0.497626	0.457410	0.400229	0.383260	0.492371
Xiang	0.022275	0.092803	0.054584	0.000000	0.054525	0.083242	0.071668	0.051008	0.119103	0.231859	0.271625	0.282311	0.308154	0.192884	0.511576	0.558888	0.466783	0.488335	0.510998	0.474264	0.466669	0.433189	0.464053	0.539411	0.479087	0.538625	0.496029	0.427071	0.415768	0.519528
Huo	0.067325	0.055212	0.027634	0.054525	0.000000	0.066542	0.054824	0.039039	0.027919	0.164601	0.177200	0.251117	0.279531	0.141535	0.443926	0.489144	0.395286	0.419513	0.441357	0.401113	0.393907	0.376839	0.390344	0.469527	0.399694	0.453022	0.416077	0.354018	0.332401	0.444024
DHS	0.088185	0.062590	0.100738	0.083242	0.066542	0.000000	0.061460	0.081944	0.101201	0.181457	0.242636	0.236383	0.275980	0.165776	0.472706	0.517299	0.424348	0.447360	0.469174	0.430558	0.424101	0.392440	0.426347	0.491887	0.431215	0.489854	0.449554	0.378613	0.372918	0.476118
Hu	0.067833	0.065422	0.090311	0.071668	0.054824	0.061460	0.000000	0.068137	0.103577	0.188579	0.243220	0.272608	0.316092	0.184571	0.463606	0.509855	0.416998	0.439456	0.461582	0.423873	0.413928	0.378261	0.410291	0.493555	0.427452	0.486217	0.444520	0.375802	0.365577	0.468228
Sand	0.047897	0.069214	0.031023	0.051008	0.039039	0.081944	0.068137	0.000000	0.124058	0.154584	0.192184	0.197433	0.222563	0.099325	0.423096	0.465068	0.371899	0.396223	0.417549	0.374553	0.370858	0.356861	0.368724	0.432704	0.383200	0.438575	0.395712	0.333831	0.321518	0.415188
Nan	0.133364	0.129344	0.129456	0.119103	0.027919	0.101201	0.103577	0.124058	0.000000	0.191727	0.211787	0.332912	0.370476	0.274479	0.488658	0.531825	0.437500	0.461538	0.483397	0.445653	0.438078	0.448033	0.443460	0.525475	0.446560	0.505631	0.464584	0.404489	0.368680	0.493809
Ding	0.216826	0.210053	0.191430	0.231859	0.164601	0.181457	0.188579	0.154584	0.191727	0.000000	0.073930	0.293791	0.308636	0.232982	0.439287	0.480449	0.384810	0.413665	0.434330	0.398451	0.373571	0.418019	0.369176	0.463882	0.406648	0.447381	0.403918	0.374904	0.336618	0.429753
Wan	0.257528	0.247601	0.248576	0.271625	0.177200	0.242636	0.243220	0.192184	0.211787	0.073930	0.000000	0.394577	0.407105	0.330211	0.494089	0.531266	0.436797	0.463323	0.483952	0.447533	0.426626	0.488847	0.432652	0.529593	0.450041	0.491771	0.455399	0.422741	0.383008	0.490103
VH	0.291817	0.276038	0.229263	0.282311	0.251117	0.236383	0.272608	0.197433	0.332912	0.293791	0.394577	0.000000	0.039968	-0.001070	0.454579	0.507109	0.436773	0.434746	0.462515	0.466326	0.464088	0.335146	0.457863	0.542387	0.478479	0.534400	0.490576	0.423538	0.421322	0.525817
CP	0.325691	0.315774	0.255933	0.308154	0.279531	0.275980	0.316092	0.222563	0.370476	0.308636	0.407105	0.039968	0.000000	0.020312	0.469843	0.525629	0.454354	0.452975	0.482005	0.483369	0.473079	0.346020	0.463796	0.574890	0.504963	0.560034	0.514956	0.454930	0.439389	0.545442
NP	0.237355	0.192813	0.127766	0.192884	0.141535	0.165776	0.184571	0.099325	0.274479	0.232982	0.330211	-0.001070	0.020312	0.000000	0.404953	0.463754	0.377038	0.387482	0.417338	0.409122	0.397320	0.268998	0.377535	0.493651	0.413663	0.485225	0.435927	0.352223	0.355154	0.472621
MH	0.503004	0.488468	0.488957	0.511576	0.443926	0.472706	0.463606	0.423096	0.488658	0.439287	0.494089	0.454579	0.469843	0.404953	0.000000	0.059301	0.085522	0.032902	0.040412	0.458584	0.376024	0.507292	0.402125	0.511028	0.408995	0.548558	0.512684	0.449435	0.410381	0.493623
ML	0.549712	0.532597	0.534636	0.558888	0.489144	0.517299	0.509855	0.465068	0.531825	0.480449	0.531266	0.507109	0.525629	0.463754	0.059301	0.000000	0.120035	0.036591	0.030497	0.485670	0.418502	0.561314	0.458031	0.559676	0.458556	0.581764	0.549940	0.492656	0.447969	0.542161
Tai	0.456097	0.439335	0.441656	0.466783	0.395286	0.424348	0.416998	0.371899	0.437500	0.384810	0.436797	0.436773	0.454354	0.377038	0.085522	0.120035	0.000000	0.060601	0.070888	0.358879	0.294430	0.486826	0.307075	0.386939	0.299652	0.456279	0.422607	0.360613	0.346461	0.421971
CS	0.479126	0.463023	0.465233	0.488335	0.419513	0.447360	0.439456	0.396223	0.461538	0.413665	0.463323	0.434746	0.452975	0.387482	0.032902	0.036591	0.060601	0.000000	0.016094	0.412837	0.332876	0.481848	0.371484	0.455121	0.366496	0.509028	0.470896	0.415887	0.367564	0.458000
QMS	0.501611	0.484763	0.487404	0.510998	0.441357	0.469174	0.461582	0.417549	0.483397	0.434330	0.483952	0.462515	0.482005	0.417338	0.040412	0.030497	0.070888	0.016094	0.000000	0.428724	0.345621	0.512003	0.399175	0.469736	0.390075	0.527676	0.490726	0.436244	0.390138	0.480835
TNP	0.461679	0.444677	0.441928	0.474264	0.401113	0.430558	0.423873	0.374553	0.445653	0.398451	0.447533	0.466326	0.483369	0.409122	0.458584	0.485670	0.358879	0.412837	0.428724	0.000000	0.377275	0.529280	0.330271	0.352682	0.339055	0.438447	0.403438	0.329716	0.338816	0.452271
HB	0.456513	0.439177	0.439565	0.466669	0.393907	0.424101	0.413928	0.370858	0.438078	0.373571	0.426626	0.464088	0.473079	0.397320	0.376024	0.418502	0.294430	0.332876	0.345621	0.377275	0.000000	0.525804	0.245687	0.308374	0.263007	0.473762	0.438810	0.378473	0.323280	0.437275
SNP	0.422288	0.416135	0.404631	0.433189	0.376839	0.392440	0.378261	0.356861	0.448033	0.418019	0.488847	0.335146	0.346020	0.268998	0.507292	0.561314	0.486826	0.481848	0.512003	0.529280	0.525804	0.000000	0.521148	0.624843	0.549798	0.600988	0.563444	0.503297	0.471562	0.572826
DAL	0.451704	0.438005	0.432505	0.464053	0.390344	0.426347	0.410291	0.368724	0.443460	0.369176	0.432652	0.457863	0.463796	0.377535	0.402125	0.458031	0.307075	0.371484	0.399175	0.330271	0.245687	0.521148	0.000000	0.091059	0.104646	0.400067	0.354950	0.302405	0.335021	0.445118
KT	0.539031	0.515974	0.515455	0.539411	0.469527	0.491887	0.493555	0.432704	0.525475	0.463882	0.529593	0.542387	0.574890	0.493651	0.511028	0.559676	0.386939	0.455121	0.469736	0.352682	0.308374	0.624843	0.091059	0.000000	0.109817	0.481283	0.454694	0.344605	0.344331	0.431001
Wu	0.462203	0.445634	0.448426	0.479087	0.399694	0.431215	0.427452	0.383200	0.446560	0.406648	0.450041	0.478479	0.504963	0.413663	0.408995	0.458556	0.299652	0.366496	0.390075	0.339055	0.263007	0.549798	0.104646	0.109817	0.000000	0.332995	0.321314	0.248579	0.327268	0.428537
CI	0.522114	0.501897	0.497626	0.538625	0.453022	0.489854	0.486217	0.438575	0.505631	0.447381	0.491771	0.534400	0.560034	0.485225	0.548558	0.581764	0.456279	0.509028	0.527676	0.438447	0.473762	0.600988	0.400067	0.481283	0.332995	0.000000	0.051376	0.190250	0.433125	0.505818
JA	0.481927	0.462792	0.457410	0.496029	0.416077	0.449554	0.444520	0.395712	0.464584	0.403918	0.455399	0.490576	0.514956	0.435927	0.512684	0.549940	0.422607	0.470896	0.490726	0.403438	0.438810	0.563444	0.354950	0.454694	0.321314	0.051376	0.000000	0.155625	0.400178	0.450564
CH	0.410410	0.394321	0.400229	0.427071	0.354018	0.378613	0.375802	0.333831	0.404489	0.374904	0.422741	0.423538	0.454930	0.352223	0.449435	0.492656	0.360613	0.415887	0.436244	0.329716	0.378473	0.503297	0.302405	0.344605	0.248579	0.190250	0.155625	0.000000	0.340462	0.376466
ST	0.405180	0.389102	0.383260	0.415768	0.332401	0.372918	0.365577	0.321518	0.368680	0.336618	0.383008	0.421322	0.439389	0.355154	0.410381	0.447969	0.346461	0.367564	0.390138	0.338816	0.323280	0.471562	0.335021	0.344331	0.327268	0.433125	0.400178	0.340462	0.000000	0.355875
JP	0.509054	0.490820	0.492371	0.519528	0.444024	0.476118	0.468228	0.415188	0.493809	0.429753	0.490103	0.525817	0.545442	0.472621	0.493623	0.542161	0.421971	0.458000	0.480835	0.452271	0.437275	0.572826	0.445118	0.431001	0.428537	0.505818	0.450564	0.376466	0.355875	0.000000
