Obs.	TikabooValley	DelamarVal	EightmileVal	SheepRange	SheepPass	Shivwitts	YuccaForest	IndianRidge	KyleCanyon	KingstonMtns	Cima	AvawatzMtns	Searchlight	DolanSprings	Wikieup	JoshuaTreePkwy	AlamoLake
TikabooValley	0.000000	0.016906	0.003319	0.015345	0.029363	0.023596	0.034404	-0.007342	0.019476	0.004622	0.053476	0.095150	0.010612	0.025818	0.032305	0.041806	0.085828
DelamarVal	0.016906	0.000000	0.008557	0.055810	0.076507	0.016291	0.009272	0.033674	-0.002051	0.009149	0.012420	0.054828	0.006949	0.005495	0.030027	0.057961	0.044584
EightmileVal	0.003319	0.008557	0.000000	-0.004042	0.039972	0.007383	0.024161	0.011725	0.022968	0.015304	0.031932	0.060569	0.011449	0.026667	0.029430	0.078254	0.072758
SheepRange	0.015345	0.055810	-0.004042	0.000000	0.002613	0.021125	0.033153	0.010249	0.046417	0.024797	0.047907	0.086777	0.016129	0.046889	0.043281	0.069274	0.100645
SheepPass	0.029363	0.076507	0.039972	0.002613	0.000000	0.050125	0.080146	0.035239	0.057411	0.047630	0.068108	0.139742	0.041219	-0.034840	0.053488	0.033211	0.081465
Shivwitts	0.023596	0.016291	0.007383	0.021125	0.050125	0.000000	0.040688	0.023247	0.016140	0.012345	0.029055	0.050137	-0.004107	0.048183	0.005722	0.086692	0.064811
YuccaForest	0.034404	0.009272	0.024161	0.033153	0.080146	0.040688	0.000000	0.052971	0.019705	0.023540	0.035295	0.074342	0.026140	0.079618	0.076273	0.080914	0.069667
IndianRidge	-0.007342	0.033674	0.011725	0.010249	0.035239	0.023247	0.052971	0.000000	0.038251	-0.003221	0.047025	0.121718	-0.007634	0.058491	0.024637	0.045326	0.076667
KyleCanyon	0.019476	-0.002051	0.022968	0.046417	0.057411	0.016140	0.019705	0.038251	0.000000	0.006917	0.000453	0.068057	-0.001642	-0.025126	0.026867	0.050009	0.037975
KingstonMtns	0.004622	0.009149	0.015304	0.024797	0.047630	0.012345	0.023540	-0.003221	0.006917	0.000000	0.000646	0.054558	0.004765	0.039208	0.028073	0.079057	0.067074
Cima	0.053476	0.012420	0.031932	0.047907	0.068108	0.029055	0.035295	0.047025	0.000453	0.000646	0.000000	0.093339	0.011923	0.039852	0.029939	0.072389	0.053219
AvawatzMtns	0.095150	0.054828	0.060569	0.086777	0.139742	0.050137	0.074342	0.121718	0.068057	0.054558	0.093339	0.000000	0.069726	0.114612	0.095220	0.185151	0.136846
Searchlight	0.010612	0.006949	0.011449	0.016129	0.041219	-0.004107	0.026140	-0.007634	-0.001642	0.004765	0.011923	0.069726	0.000000	0.040394	0.010085	0.069185	0.070399
DolanSprings	0.025818	0.005495	0.026667	0.046889	-0.034840	0.048183	0.079618	0.058491	-0.025126	0.039208	0.039852	0.114612	0.040394	0.000000	0.062861	0.030914	0.046809
Wikieup	0.032305	0.030027	0.029430	0.043281	0.053488	0.005722	0.076273	0.024637	0.026867	0.028073	0.029939	0.095220	0.010085	0.062861	0.000000	0.063424	0.064223
JoshuaTreePkwy	0.041806	0.057961	0.078254	0.069274	0.033211	0.086692	0.080914	0.045326	0.050009	0.079057	0.072389	0.185151	0.069185	0.030914	0.063424	0.000000	0.073395
AlamoLake	0.085828	0.044584	0.072758	0.100645	0.081465	0.064811	0.069667	0.076667	0.037975	0.067074	0.053219	0.136846	0.070399	0.046809	0.064223	0.073395	0.000000
