Obs.	JoshuaTree	SanAndreas	FreemontPk	KramerHills	CacutsFlats	Trona	EurekaValley	GoldPoint	ClaytonValley	MontezumaPk	NevTestSiteII	TVSouth	TikabooValley	HancockSummit	DelamarVal	EightmileVal	SheepRange	SheepPass	Shivwitts	YuccaForest	IndianRidge	KingstonMtns	Cima	Searchlight	DolanSprings	Wikieup	JoshuaTreePk	AlamoLake
JoshuaTree	0	0.054294	0.07214	0.045702	0.059813	0.035452	0.076614	0.073223	0.070014	0.089373	0.052348	0.063543	0.062228	0.109597	0.112122	0.072915	0.087189	0.079019	0.081032	0.046331	0.059886	0.064474	0.046151	0.058414	0.046565	0.087024	0.075957	0.103254
SanAndreas	0.054294	0	0.090952	0.040666	0.088007	0.054163	0.083443	0.073205	0.062076	0.087721	0.050833	0.064409	0.054729	0.113262	0.095423	0.072606	0.100974	0.099966	0.095483	0.059949	0.069347	0.066783	0.050771	0.066264	0.069455	0.079349	0.073614	0.087779
FreemontPk	0.07214	0.090952	0	0.063387	0.059977	0.082011	0.121226	0.115563	0.122419	0.168449	0.098949	0.089434	0.104115	0.166193	0.166329	0.13609	0.167953	0.162999	0.121176	0.091864	0.131734	0.104981	0.098361	0.112175	0.102896	0.146976	0.134944	0.146995
KramerHills	0.045702	0.040666	0.063387	0	0.049107	0.052108	0.064396	0.058502	0.092084	0.100157	0.0536	0.039855	0.044816	0.102458	0.086495	0.066407	0.090239	0.078554	0.079208	0.044698	0.063977	0.083455	0.06279	0.06153	0.058489	0.098982	0.102995	0.109904
CacutsFlats	0.059813	0.088007	0.059977	0.049107	0	0.071959	0.100759	0.086105	0.086806	0.139657	0.085926	0.090584	0.093617	0.14221	0.138208	0.101404	0.141669	0.131586	0.109596	0.05778	0.089146	0.098385	0.081473	0.080067	0.074923	0.126265	0.120812	0.1357
Trona	0.035452	0.054163	0.082011	0.052108	0.071959	0	0.091743	0.069991	0.084305	0.111164	0.057964	0.065098	0.063827	0.102684	0.100427	0.072385	0.09759	0.094029	0.097799	0.061696	0.062234	0.069183	0.062101	0.068655	0.063461	0.086528	0.101106	0.095637
EurekaValley	0.076614	0.083443	0.121226	0.064396	0.100759	0.091743	0	0.033255	0.06733	0.0536	0.081364	0.070289	0.055519	0.095994	0.12366	0.081172	0.091984	0.085206	0.111136	0.080888	0.069686	0.094677	0.079502	0.084202	0.072941	0.104244	0.099396	0.097376
GoldPoint	0.073223	0.073205	0.115563	0.058502	0.086105	0.069991	0.033255	0	0.049089	0.026423	0.071963	0.058179	0.050564	0.076988	0.123124	0.070339	0.071793	0.071483	0.08902	0.048744	0.056748	0.068043	0.060189	0.05135	0.049397	0.082326	0.093594	0.099732
ClaytonValley	0.070014	0.062076	0.122419	0.092084	0.086806	0.084305	0.06733	0.049089	0	0.073717	0.083699	0.093043	0.08143	0.145044	0.147982	0.107377	0.148591	0.132544	0.12161	0.087136	0.089301	0.063299	0.066797	0.088201	0.078859	0.096651	0.08616	0.123442
MontezumaPk	0.089373	0.087721	0.168449	0.100157	0.139657	0.111164	0.0536	0.026423	0.073717	0	0.098422	0.095408	0.069973	0.120855	0.139267	0.079168	0.113839	0.060314	0.117644	0.097684	0.079545	0.097669	0.081015	0.08802	0.088085	0.092884	0.08546	0.099753
NevTestSiteII	0.052348	0.050833	0.098949	0.0536	0.085926	0.057964	0.081364	0.071963	0.083699	0.098422	0	0.051992	0.062206	0.108948	0.117628	0.083003	0.107152	0.087943	0.099554	0.069315	0.078738	0.083279	0.064768	0.073838	0.056835	0.077132	0.079114	0.089134
TVSouth	0.063543	0.064409	0.089434	0.039855	0.090584	0.065098	0.070289	0.058179	0.093043	0.095408	0.051992	0	0.04048	0.102903	0.112611	0.062387	0.076264	0.045243	0.107014	0.047059	0.068949	0.085861	0.058254	0.06587	0.05017	0.08577	0.074892	0.090651
TikabooValley	0.062228	0.054729	0.104115	0.044816	0.093617	0.063827	0.055519	0.050564	0.08143	0.069973	0.062206	0.04048	0	0.050751	0.093652	0.045057	0.051078	0.064193	0.082756	0.047623	0.037577	0.063218	0.05188	0.059149	0.060181	0.074944	0.080724	0.081451
HancockSummit	0.109597	0.113262	0.166193	0.102458	0.14221	0.102684	0.095994	0.076988	0.145044	0.120855	0.108948	0.102903	0.050751	0	0.105582	0.074692	-0.001428	0.075188	0.114104	0.059836	0.053153	0.093525	0.092928	0.085356	0.096977	0.109378	0.129652	0.114108
DelamarVal	0.112122	0.095423	0.166329	0.086495	0.138208	0.100427	0.12366	0.123124	0.147982	0.139267	0.117628	0.112611	0.093652	0.105582	0	0.021639	0.111821	0.124166	0.121605	0.090222	0.06742	0.131613	0.098437	0.106074	0.102609	0.116326	0.147927	0.118623
EightmileVal	0.072915	0.072606	0.13609	0.066407	0.101404	0.072385	0.081172	0.070339	0.107377	0.079168	0.083003	0.062387	0.045057	0.074692	0.021639	0	0.068272	0.072028	0.083947	0.059659	0.02202	0.085325	0.051758	0.06688	0.0701	0.078832	0.099783	0.079198
SheepRange	0.087189	0.100974	0.167953	0.090239	0.141669	0.09759	0.091984	0.071793	0.148591	0.113839	0.107152	0.076264	0.051078	-0.001428	0.111821	0.068272	0	0.052526	0.12194	0.045961	0.044255	0.101701	0.072029	0.045042	0.071987	0.105453	0.104009	0.124253
SheepPass	0.079019	0.099966	0.162999	0.078554	0.131586	0.094029	0.085206	0.071483	0.132544	0.060314	0.087943	0.045243	0.064193	0.075188	0.124166	0.072028	0.052526	0	0.093576	0.045941	0.033095	0.090433	0.055676	0.056157	0.068838	0.067407	0.083768	0.076146
Shivwitts	0.081032	0.095483	0.121176	0.079208	0.109596	0.097799	0.111136	0.08902	0.12161	0.117644	0.099554	0.107014	0.082756	0.114104	0.121605	0.083947	0.12194	0.093576	0	0.066302	0.064535	0.096501	0.077404	0.078366	0.067212	0.117164	0.122936	0.118836
YuccaForest	0.046331	0.059949	0.091864	0.044698	0.05778	0.061696	0.080888	0.048744	0.087136	0.097684	0.069315	0.047059	0.047623	0.059836	0.090222	0.059659	0.045961	0.045941	0.066302	0	0.029142	0.055002	0.028914	0.016799	0.02429	0.056328	0.062467	0.08723
IndianRidge	0.059886	0.069347	0.131734	0.063977	0.089146	0.062234	0.069686	0.056748	0.089301	0.079545	0.078738	0.068949	0.037577	0.053153	0.06742	0.02202	0.044255	0.033095	0.064535	0.029142	0	0.071215	0.031291	0.032285	0.042144	0.06785	0.097234	0.070545
KingstonMtns	0.064474	0.066783	0.104981	0.083455	0.098385	0.069183	0.094677	0.068043	0.063299	0.097669	0.083279	0.085861	0.063218	0.093525	0.131613	0.085325	0.101701	0.090433	0.096501	0.055002	0.071215	0	0.04818	0.058394	0.069706	0.090052	0.082369	0.086483
Cima	0.046151	0.050771	0.098361	0.06279	0.081473	0.062101	0.079502	0.060189	0.066797	0.081015	0.064768	0.058254	0.05188	0.092928	0.098437	0.051758	0.072029	0.055676	0.077404	0.028914	0.031291	0.04818	0	0.016424	0.038134	0.054424	0.054275	0.07338
Searchlight	0.058414	0.066264	0.112175	0.06153	0.080067	0.068655	0.084202	0.05135	0.088201	0.08802	0.073838	0.06587	0.059149	0.085356	0.106074	0.06688	0.045042	0.056157	0.078366	0.016799	0.032285	0.058394	0.016424	0	0.027635	0.064266	0.074885	0.092788
DolanSprings	0.046565	0.069455	0.102896	0.058489	0.074923	0.063461	0.072941	0.049397	0.078859	0.088085	0.056835	0.05017	0.060181	0.096977	0.102609	0.0701	0.071987	0.068838	0.067212	0.02429	0.042144	0.069706	0.038134	0.027635	0	0.067207	0.056672	0.10127
Wikieup	0.087024	0.079349	0.146976	0.098982	0.126265	0.086528	0.104244	0.082326	0.096651	0.092884	0.077132	0.08577	0.074944	0.109378	0.116326	0.078832	0.105453	0.067407	0.117164	0.056328	0.06785	0.090052	0.054424	0.064266	0.067207	0	0.052934	0.082171
JoshuaTreePk	0.075957	0.073614	0.134944	0.102995	0.120812	0.101106	0.099396	0.093594	0.08616	0.08546	0.079114	0.074892	0.080724	0.129652	0.147927	0.099783	0.104009	0.083768	0.122936	0.062467	0.097234	0.082369	0.054275	0.074885	0.056672	0.052934	0	0.10556
AlamoLake	0.103254	0.087779	0.146995	0.109904	0.1357	0.095637	0.097376	0.099732	0.123442	0.099753	0.089134	0.090651	0.081451	0.114108	0.118623	0.079198	0.124253	0.076146	0.118836	0.08723	0.070545	0.086483	0.07338	0.092788	0.10127	0.082171	0.10556	0