Obs.	JoshuaTree	SanAndreas	FreemontPk	KramerHills	CacutsFlats	Trona	EurekaValley	GoldPoint	ClaytonValley	MontezumaPk	NevTestSiteII	TVSouth	TikabooValley	HancockSummit	DelamarVal	EightmileVal	SheepRange	SheepPass	Shivwitts	YuccaForest	IndianRidge	KingstonMtns	Cima	Searchlight	DolanSprings	Wikieup	JoshuaTreePk	AlamoLake
JoshuaTree	0.000000	0.052981	0.072140	0.045702	0.059619	0.035452	0.076614	0.072437	0.068760	0.087502	0.052427	0.063586	0.062689	0.108849	0.112122	0.072417	0.082870	0.076196	0.080335	0.046331	0.059733	0.064415	0.046151	0.058414	0.046565	0.087024	0.075803	0.102433
SanAndreas	0.052981	0.000000	0.092032	0.039547	0.087734	0.052844	0.083550	0.073147	0.062076	0.087902	0.050517	0.063497	0.052628	0.113740	0.095814	0.072365	0.100487	0.101421	0.096056	0.058665	0.069077	0.066000	0.049747	0.064543	0.068554	0.079982	0.073610	0.087604
FreemontPk	0.072140	0.092032	0.000000	0.063387	0.060224	0.082011	0.121226	0.116418	0.123589	0.168705	0.098789	0.089251	0.100230	0.166449	0.166329	0.137440	0.169817	0.167481	0.121368	0.091864	0.133963	0.105174	0.098361	0.112175	0.102896	0.146976	0.135038	0.147996
KramerHills	0.045702	0.039547	0.063387	0.000000	0.048983	0.052108	0.064396	0.057916	0.090924	0.098463	0.053658	0.039876	0.044791	0.101863	0.086495	0.066084	0.086454	0.076368	0.078616	0.044698	0.064017	0.083415	0.062790	0.061530	0.058489	0.098982	0.102843	0.109291
CacutsFlats	0.059619	0.087734	0.060224	0.048983	0.000000	0.071743	0.100832	0.086013	0.086554	0.138875	0.085849	0.090373	0.091796	0.142101	0.138376	0.101564	0.139836	0.131453	0.109478	0.057608	0.089696	0.098329	0.081286	0.079772	0.074788	0.126458	0.120874	0.135704
Trona	0.035452	0.052844	0.082011	0.052108	0.071743	0.000000	0.091743	0.069230	0.082928	0.109143	0.058041	0.065139	0.064204	0.101981	0.100427	0.071902	0.093150	0.090942	0.097077	0.061696	0.062086	0.069123	0.062101	0.068655	0.063461	0.086528	0.100923	0.094892
EurekaValley	0.076614	0.083550	0.121226	0.064396	0.100832	0.091743	0.000000	0.033297	0.067509	0.053066	0.081310	0.070206	0.054015	0.095842	0.123660	0.081597	0.091154	0.086736	0.110946	0.080888	0.070660	0.094760	0.079502	0.084202	0.072941	0.104244	0.099379	0.097628
GoldPoint	0.072437	0.073147	0.116418	0.057916	0.086013	0.069230	0.033297	0.000000	0.049157	0.026307	0.071771	0.057691	0.048949	0.077158	0.123547	0.070339	0.070930	0.072701	0.089278	0.048079	0.056937	0.067682	0.059624	0.050421	0.048970	0.082785	0.093750	0.099732
ClaytonValley	0.068760	0.062076	0.123589	0.090924	0.086554	0.082928	0.067509	0.049157	0.000000	0.073931	0.083312	0.092039	0.078872	0.145439	0.148424	0.107124	0.147757	0.133212	0.122125	0.085825	0.089049	0.062671	0.065866	0.086439	0.077989	0.097342	0.086290	0.123299
MontezumaPk	0.087502	0.087902	0.168705	0.098463	0.138875	0.109143	0.053066	0.026307	0.073931	0.000000	0.097171	0.093777	0.066243	0.120669	0.138848	0.078911	0.114679	0.063748	0.117540	0.095858	0.079545	0.096460	0.079449	0.085915	0.086605	0.092693	0.084917	0.099513
NevTestSiteII	0.052427	0.050517	0.098789	0.053658	0.085849	0.058041	0.081310	0.071771	0.083312	0.097171	0.000000	0.051992	0.061568	0.108422	0.117508	0.083113	0.105208	0.088522	0.099027	0.069384	0.079422	0.083316	0.064826	0.073941	0.056878	0.077035	0.078990	0.089007
TVSouth	0.063586	0.063497	0.089251	0.039876	0.090373	0.065139	0.070206	0.057691	0.092039	0.093777	0.051992	0.000000	0.040235	0.102233	0.112464	0.062193	0.073262	0.044518	0.106301	0.047092	0.069214	0.085820	0.058274	0.065937	0.050175	0.085630	0.074698	0.090199
TikabooValley	0.062689	0.052628	0.100230	0.044791	0.091796	0.064204	0.054015	0.048949	0.078872	0.066243	0.061568	0.040235	0.000000	0.048505	0.090931	0.044203	0.046717	0.061713	0.079867	0.047795	0.037631	0.062569	0.051957	0.059794	0.060060	0.072482	0.078419	0.079659
HancockSummit	0.108849	0.113740	0.166449	0.101863	0.142101	0.101981	0.095842	0.077158	0.145439	0.120669	0.108422	0.102233	0.048505	0.000000	0.105532	0.074998	-0.001581	0.077832	0.114104	0.059306	0.053854	0.093220	0.092335	0.084612	0.096435	0.109407	0.129584	0.114376
DelamarVal	0.112122	0.095814	0.166329	0.086495	0.138376	0.100427	0.123660	0.123547	0.148424	0.138848	0.117508	0.112464	0.090931	0.105532	0.000000	0.021789	0.111340	0.126032	0.121553	0.090222	0.068486	0.131751	0.098437	0.106074	0.102609	0.116326	0.147946	0.119085
EightmileVal	0.072417	0.072365	0.137440	0.066084	0.101564	0.071902	0.081597	0.070339	0.107124	0.078911	0.083113	0.062193	0.044203	0.074998	0.021789	0.000000	0.066567	0.072014	0.084347	0.059234	0.022122	0.085240	0.051473	0.066193	0.069887	0.079583	0.100246	0.079198
SheepRange	0.082870	0.100487	0.169817	0.086454	0.139836	0.093150	0.091154	0.070930	0.147757	0.114679	0.105208	0.073262	0.046717	-0.001581	0.111340	0.066567	0.000000	0.053509	0.122844	0.042097	0.041651	0.098631	0.068668	0.039968	0.069048	0.106045	0.103039	0.122517
SheepPass	0.076196	0.101421	0.167481	0.076368	0.131453	0.090942	0.086736	0.072701	0.133212	0.063748	0.088522	0.044518	0.061713	0.077832	0.126032	0.072014	0.053509	0.000000	0.097521	0.043543	0.031757	0.088932	0.054278	0.052027	0.067740	0.070843	0.084793	0.075823
Shivwitts	0.080335	0.096056	0.121368	0.078616	0.109478	0.097077	0.110946	0.089278	0.122125	0.117540	0.099027	0.106301	0.079867	0.114104	0.121553	0.084347	0.122844	0.097521	0.000000	0.065674	0.065445	0.096161	0.076806	0.077584	0.066695	0.117171	0.122855	0.119141
YuccaForest	0.046331	0.058665	0.091864	0.044698	0.057608	0.061696	0.080888	0.048079	0.085825	0.095858	0.069384	0.047092	0.047795	0.059306	0.090222	0.059234	0.042097	0.043543	0.065674	0.000000	0.029024	0.054959	0.028914	0.016799	0.024290	0.056328	0.062342	0.086598
IndianRidge	0.059733	0.069077	0.133963	0.064017	0.089696	0.062086	0.070660	0.056937	0.089049	0.079545	0.079422	0.069214	0.037631	0.053854	0.068486	0.022122	0.041651	0.031757	0.065445	0.029024	0.000000	0.071474	0.031398	0.031835	0.042356	0.069236	0.098277	0.070678
KingstonMtns	0.064415	0.066000	0.105174	0.083415	0.098329	0.069123	0.094760	0.067682	0.062671	0.096460	0.083316	0.085820	0.062569	0.093220	0.131751	0.085240	0.098631	0.088932	0.096161	0.054959	0.071474	0.000000	0.048160	0.058311	0.069686	0.090188	0.082369	0.086247
Cima	0.046151	0.049747	0.098361	0.062790	0.081286	0.062101	0.079502	0.059624	0.065866	0.079449	0.064826	0.058274	0.051957	0.092335	0.098437	0.051473	0.068668	0.054278	0.076806	0.028914	0.031398	0.048160	0.000000	0.016424	0.038134	0.054424	0.054178	0.072920
Searchlight	0.058414	0.064543	0.112175	0.061530	0.079772	0.068655	0.084202	0.050421	0.086439	0.085915	0.073941	0.065937	0.059794	0.084612	0.106074	0.066193	0.039968	0.052027	0.077584	0.016799	0.031835	0.058311	0.016424	0.000000	0.027635	0.064266	0.074706	0.091865
DolanSprings	0.046565	0.068554	0.102896	0.058489	0.074788	0.063461	0.072941	0.048970	0.077989	0.086605	0.056878	0.050175	0.060060	0.096435	0.102609	0.069887	0.069048	0.067740	0.066695	0.024290	0.042356	0.069686	0.038134	0.027635	0.000000	0.067207	0.056587	0.100768
Wikieup	0.087024	0.079982	0.146976	0.098982	0.126458	0.086528	0.104244	0.082785	0.097342	0.092693	0.077035	0.085630	0.072482	0.109407	0.116326	0.079583	0.106045	0.070843	0.117171	0.056328	0.069236	0.090188	0.054424	0.064266	0.067207	0.000000	0.052986	0.082780
JoshuaTreePk	0.075803	0.073610	0.135038	0.102843	0.120874	0.100923	0.099379	0.093750	0.086290	0.084917	0.078990	0.074698	0.078419	0.129584	0.147946	0.100246	0.103039	0.084793	0.122855	0.062342	0.098277	0.082369	0.054178	0.074706	0.056587	0.052986	0.000000	0.105838
AlamoLake	0.102433	0.087604	0.147996	0.109291	0.135704	0.094892	0.097628	0.099732	0.123299	0.099513	0.089007	0.090199	0.079659	0.114376	0.119085	0.079198	0.122517	0.075823	0.119141	0.086598	0.070678	0.086247	0.072920	0.091865	0.100768	0.082780	0.105838	0.000000
