Obs.	AIL	AV	BLU	BR	BUF	CAL1	CAL2	COB	COO	DE	DUN	FOR	GA	GIL	GOD	HA2	HL	HO	KA	KIT	KSR	MAP	MTC	NEY	NH	NY	PA1	PAN	PAR	PT	PUS	SAR	SC	SEG	SIN	TO	UBR	WA	WAR
AIL	0.000000	0.034062	-0.001282	-0.003645	-0.064005	0.013658	-0.008940	0.019875	0.093082	0.041524	-0.012099	-0.065491	-0.055838	-0.027122	-0.043641	-0.034200	0.062817	0.009490	0.014101	-0.023747	0.072319	-0.008353	-0.050968	-0.025386	-0.036269	0.024146	0.040411	-0.007890	-0.063591	0.004666	0.076060	0.010228	-0.021992	-0.037485	0.064497	0.063905	-0.028357	-0.001823	0.008314
AV	0.034062	0.000000	0.013228	0.091479	0.032026	0.077017	-0.039526	0.142482	0.049935	-0.017281	0.037707	0.029870	0.036697	-0.007623	0.055969	-0.015679	0.049738	0.133252	0.133690	0.020436	-0.086619	0.082310	0.023302	0.041354	0.025401	0.136364	-0.017083	-0.032966	-0.019989	0.041343	-0.065297	0.128934	-0.049465	0.049410	-0.015854	0.081098	-0.019466	0.115144	0.122249
BLU	-0.001282	0.013228	0.000000	0.053059	-0.013690	0.036585	-0.013798	0.094216	0.019405	-0.015145	-0.038242	-0.009715	-0.001958	-0.027612	0.005277	-0.046993	0.011749	0.080390	0.086273	-0.048913	0.019789	0.045956	-0.016600	-0.018155	-0.012667	0.090085	-0.005702	-0.033730	-0.051451	0.011224	0.013193	0.093919	-0.027963	0.003966	0.058931	0.049270	-0.040541	0.073566	0.078049
BR	-0.003645	0.091479	0.053059	0.000000	-0.010494	0.096756	0.083333	-0.002672	0.166054	0.103141	0.027502	-0.017791	-0.019778	-0.001570	-0.035545	-0.000061	0.140297	-0.012731	-0.007433	0.010270	0.151659	-0.015716	-0.016332	0.004323	-0.011349	0.011494	0.107819	0.069544	0.075829	0.091646	0.149289	-0.008475	0.056045	-0.040369	0.107390	0.137413	-0.010618	-0.015976	-0.008691
BUF	-0.064005	0.032026	-0.013690	-0.010494	0.000000	0.007841	-0.022078	0.010097	0.101023	0.033312	-0.019330	-0.076825	-0.056774	-0.038679	-0.061856	-0.043782	0.053548	0.000602	0.010528	-0.040940	0.055412	-0.009697	-0.061024	-0.024931	-0.040843	0.004187	0.041237	-0.019862	-0.097938	-0.014487	0.072165	0.016970	-0.019079	-0.074900	0.051683	0.050481	-0.044498	0.003704	0.001206
CAL1	0.013658	0.077017	0.036585	0.096756	0.007841	0.000000	0.020049	0.125843	0.119760	0.057740	0.020406	-0.005396	-0.012681	0.031527	0.105442	0.017470	0.065217	0.110985	0.114100	0.046366	0.159864	0.102506	0.001840	0.025986	0.027709	0.135546	0.071536	0.007185	0.003401	0.006381	0.163265	0.108458	0.012300	0.131796	0.090960	0.051977	0.014644	0.105903	0.102041
CAL2	-0.008940	-0.039526	-0.013798	0.083333	-0.022078	0.020049	0.000000	0.116061	0.039948	-0.033223	0.000680	-0.010968	0.003901	-0.025435	0.040576	-0.021914	0.022107	0.112864	0.113125	-0.004736	-0.061518	0.076923	-0.023810	0.013539	-0.002656	0.112048	-0.029157	-0.064000	-0.094241	-0.017674	-0.037958	0.112766	-0.055703	0.038038	0.025424	0.050242	-0.020871	0.092662	0.095990
COB	0.019875	0.142482	0.094216	-0.002672	0.010097	0.125843	0.116061	0.000000	0.193093	0.134284	0.058636	0.016276	0.014229	0.031385	-0.005957	0.037978	0.171542	-0.002086	0.001676	0.042341	0.212211	0.017894	0.030270	0.028763	0.026863	0.008507	0.142135	0.106705	0.119881	0.114551	0.199553	0.006379	0.102523	-0.005223	0.144801	0.163856	0.035490	0.012537	0.013810
COO	0.093082	0.049935	0.019405	0.166054	0.101023	0.119760	0.039948	0.193093	0.000000	-0.027145	0.038588	0.098475	0.092190	0.045890	0.137694	0.036705	0.012804	0.188397	0.187958	0.005992	0.067572	0.155836	0.077474	0.035119	0.060131	0.176366	0.021946	-0.002163	0.080322	0.086545	0.020399	0.188193	0.011749	0.122654	0.133652	0.103943	0.056472	0.177479	0.182036
DE	0.041524	-0.017281	-0.015145	0.103141	0.033312	0.057740	-0.033223	0.134284	-0.027145	0.000000	0.000167	0.033757	0.036888	-0.013883	0.060252	-0.005713	-0.003530	0.129622	0.134436	-0.021538	-0.046763	0.092948	0.019964	0.011340	0.019263	0.116745	-0.011424	-0.041705	-0.023381	0.026774	-0.041367	0.136300	-0.024500	0.038750	0.043344	0.051790	-0.010835	0.118157	0.117462
DUN	-0.012099	0.037707	-0.038242	0.027502	-0.019330	0.020406	0.000680	0.058636	0.038588	0.000167	0.000000	-0.024838	-0.023467	-0.019985	-0.011168	-0.034940	0.020396	0.045749	0.053421	-0.046130	0.059278	0.022820	-0.020942	-0.017974	-0.019575	0.046846	0.030355	-0.016949	-0.030069	0.008455	0.058419	0.053097	-0.005310	-0.013775	0.068366	0.042621	-0.032847	0.042184	0.030957
FOR	-0.065491	0.029870	-0.009715	-0.017791	-0.076825	-0.005396	-0.010968	0.016276	0.098475	0.033757	-0.024838	0.000000	-0.074359	-0.039833	-0.064885	-0.044038	0.046795	-0.004192	0.007222	-0.036000	0.069975	-0.011446	-0.063233	-0.033383	-0.039267	0.017836	0.048212	-0.018028	-0.090331	-0.014057	0.077608	0.002153	-0.019608	-0.065022	0.051374	0.048984	-0.055780	-0.006135	-0.013189
GA	-0.055838	0.036697	-0.001958	-0.019778	-0.056774	-0.012681	0.003901	0.014229	0.092190	0.036888	-0.023467	-0.074359	0.000000	-0.037655	-0.087855	-0.043197	0.060078	-0.010253	0.006013	-0.035618	0.072351	-0.004248	-0.068988	-0.038873	-0.053430	0.017964	0.049208	-0.003079	-0.065891	0.012194	0.055556	-0.005986	-0.018445	-0.077683	0.055355	0.048736	-0.044358	-0.014215	-0.022343
GIL	-0.027122	-0.007623	-0.027612	-0.001570	-0.038679	0.031527	-0.025435	0.031385	0.045890	-0.013883	-0.019985	-0.039833	-0.037655	0.000000	-0.052632	-0.044485	0.036588	0.021390	0.033162	-0.059958	-0.010705	0.002436	-0.033503	-0.021087	-0.029912	0.025951	0.002188	-0.018342	-0.057092	0.009314	-0.019625	0.033702	-0.031856	-0.070621	0.020578	0.035166	-0.047748	0.016536	0.017035
GOD	-0.043641	0.055969	0.005277	-0.035545	-0.061856	0.105442	0.040576	-0.005957	0.137694	0.060252	-0.011168	-0.064885	-0.087855	-0.052632	0.000000	-0.067457	0.107235	-0.020362	-0.007733	-0.086835	nan	0.003432	-0.082888	-0.061301	-0.101078	0.024554	0.076460	0.004638	nan	0.086221	nan	-0.014372	0.005376	nan	0.140766	0.169657	-0.065514	-0.035620	-0.002268
HA2	-0.034200	-0.015679	-0.046993	-0.000061	-0.043782	0.017470	-0.021914	0.037978	0.036705	-0.005713	-0.034940	-0.044038	-0.043197	-0.044485	-0.067457	0.000000	0.029729	0.004721	0.035280	-0.065057	-0.003646	-0.000240	-0.038174	-0.026245	-0.039537	0.017755	0.012236	-0.024061	-0.072926	0.009695	-0.018232	0.029351	-0.037422	-0.073080	0.008111	0.037897	-0.051305	0.015692	0.013701
HL	0.062817	0.049738	0.011749	0.140297	0.053548	0.065217	0.022107	0.171542	0.012804	-0.003530	0.020396	0.046795	0.060078	0.036588	0.107235	0.029729	0.000000	0.168275	0.169743	0.016129	0.042636	0.139563	0.047306	0.037495	0.040237	0.155689	0.042327	-0.017896	-0.001292	0.031668	0.076227	0.171588	0.007905	0.097103	0.109507	0.064982	0.017388	0.158220	0.150966
HO	0.009490	0.133252	0.080390	-0.012731	0.000602	0.110985	0.112864	-0.002086	0.188397	0.129622	0.045749	-0.004192	-0.010253	0.021390	-0.020362	0.004721	0.168275	0.000000	0.000339	0.022528	0.213801	0.012514	0.014706	0.007963	0.003075	0.012921	0.137769	0.097346	0.113122	0.112671	0.202489	-0.008148	0.084767	-0.003401	0.138826	0.163093	0.017375	-0.002312	0.001699
KA	0.014101	0.133690	0.086273	-0.007433	0.010528	0.114100	0.113125	0.001676	0.187958	0.134436	0.053421	0.007222	0.006013	0.033162	-0.007733	0.035280	0.169743	0.000339	0.000000	0.043270	0.197661	0.000057	0.016458	0.027223	0.018742	0.018962	0.131853	0.103206	0.104866	0.108681	0.189740	-0.000866	0.090058	-0.001323	0.130901	0.158008	0.028642	-0.000499	0.003964
KIT	-0.023747	0.020436	-0.048913	0.010270	-0.040940	0.046366	-0.004736	0.042341	0.005992	-0.021538	-0.046130	-0.036000	-0.035618	-0.059958	-0.086835	-0.065057	0.016129	0.022528	0.043270	0.000000	-0.005602	0.007557	-0.028044	-0.032591	-0.037088	0.000621	0.021921	-0.030698	-0.060224	0.027516	-0.025210	0.041936	-0.031550	-0.117895	0.070537	0.032500	-0.045538	0.026282	0.024436
KSR	0.072319	-0.086619	0.019789	0.151659	0.055412	0.159864	-0.061518	0.212211	0.067572	-0.046763	0.059278	0.069975	0.072351	-0.010705	nan	-0.003646	0.042636	0.213801	0.197661	-0.005602	0.000000	0.160183	0.029412	0.045309	0.016173	0.206473	-0.024914	-0.063080	nan	0.081386	nan	0.201210	-0.057796	nan	0.092342	0.161740	-0.015469	0.180475	0.199546
MAP	-0.008353	0.082310	0.045956	-0.015716	-0.009697	0.102506	0.076923	0.017894	0.155836	0.092948	0.022820	-0.011446	-0.004248	0.002436	0.003432	-0.000240	0.139563	0.012514	0.000057	0.007557	0.160183	0.000000	0.000000	0.007693	-0.003713	0.023164	0.094132	0.062705	0.085812	0.082219	0.154462	0.003253	0.046972	0.003440	0.094211	0.146425	-0.005583	0.001163	0.008542
MTC	-0.050968	0.023302	-0.016600	-0.016332	-0.061024	0.001840	-0.023810	0.030270	0.077474	0.019964	-0.020942	-0.063233	-0.068988	-0.033503	-0.082888	-0.038174	0.047306	0.014706	0.016458	-0.028044	0.029412	0.000000	0.000000	-0.029251	-0.064430	0.025547	0.037086	-0.023378	-0.090909	0.003782	0.028075	0.008320	-0.023458	-0.072344	0.050733	0.050122	-0.048828	-0.023241	-0.005521
NEY	-0.025386	0.041354	-0.018155	0.004323	-0.024931	0.025986	0.013539	0.028763	0.035119	0.011340	-0.017974	-0.033383	-0.038873	-0.021087	-0.061301	-0.026245	0.037495	0.007963	0.027223	-0.032591	0.045309	0.007693	-0.029251	0.000000	-0.045546	0.030010	0.025243	-0.006555	-0.030917	0.031624	0.037313	0.021461	-0.003826	-0.051815	0.056668	0.054382	-0.023431	0.009870	0.010256
NH	-0.036269	0.025401	-0.012667	-0.011349	-0.040843	0.027709	-0.002656	0.026863	0.060131	0.019263	-0.019575	-0.039267	-0.053430	-0.029912	-0.101078	-0.039537	0.040237	0.003075	0.018742	-0.037088	0.016173	-0.003713	-0.064430	-0.045546	0.000000	0.020757	0.035147	-0.021500	-0.061995	0.027099	0.020216	0.007245	-0.019515	-0.078332	0.057055	0.077301	-0.032127	-0.006927	0.004310
NY	0.024146	0.136364	0.090085	0.011494	0.004187	0.135546	0.112048	0.008507	0.176366	0.116745	0.046846	0.017836	0.017964	0.025951	0.024554	0.017755	0.155689	0.012921	0.018962	0.000621	0.206473	0.023164	0.025547	0.030010	0.020757	0.000000	0.146754	0.094799	0.127232	0.112939	0.206473	0.022103	0.088415	-0.006711	0.153587	0.150224	0.031146	0.028161	0.021935
PA1	0.040411	-0.017083	-0.005702	0.107819	0.041237	0.071536	-0.029157	0.142135	0.021946	-0.011424	0.030355	0.048212	0.049208	0.002188	0.076460	0.012236	0.042327	0.137769	0.131853	0.021921	-0.024914	0.094132	0.037086	0.025243	0.035147	0.146754	0.000000	-0.012489	0.006873	0.050312	-0.030928	0.137570	-0.025425	0.085231	0.038430	0.089984	0.011047	0.121175	0.121043
PAN	-0.007890	-0.032966	-0.033730	0.069544	-0.019862	0.007185	-0.064000	0.106705	-0.002163	-0.041705	-0.016949	-0.018028	-0.003079	-0.018342	0.004638	-0.024061	-0.017896	0.097346	0.103206	-0.030698	-0.063080	0.062705	-0.023378	-0.006555	-0.021500	0.094799	-0.012489	0.000000	-0.107607	-0.020267	-0.044527	0.101111	-0.052742	-0.002789	0.031054	0.008432	-0.027102	0.084987	0.085799
PAR	-0.063591	-0.019989	-0.051451	0.075829	-0.097938	0.003401	-0.094241	0.119881	0.080322	-0.023381	-0.030069	-0.090331	-0.065891	-0.057092	nan	-0.072926	-0.001292	0.113122	0.104866	-0.060224	nan	0.085812	-0.090909	-0.030917	-0.061995	0.127232	0.006873	-0.107607	0.000000	-0.059629	nan	0.108926	-0.084677	nan	0.077703	0.064470	-0.075523	0.081926	0.103175
PT	0.004666	0.041343	0.011224	0.091646	-0.014487	0.006381	-0.017674	0.114551	0.086545	0.026774	0.008455	-0.014057	0.012194	0.009314	0.086221	0.009695	0.031668	0.112671	0.108681	0.027516	0.081386	0.082219	0.003782	0.031624	0.027099	0.112939	0.050312	-0.020267	-0.059629	0.000000	0.108783	0.112758	0.003308	0.084787	0.067578	0.035291	0.003704	0.101940	0.100022
PUS	0.076060	-0.065297	0.013193	0.149289	0.072165	0.163265	-0.037958	0.199553	0.020399	-0.041367	0.058419	0.077608	0.055556	-0.019625	nan	-0.018232	0.076227	0.202489	0.189740	-0.025210	nan	0.154462	0.028075	0.037313	0.020216	0.206473	-0.030928	-0.044527	nan	0.108783	0.000000	0.186082	-0.102151	nan	0.103604	0.170788	0.003640	0.178100	0.198413
SAR	0.010228	0.128934	0.093919	-0.008475	0.016970	0.108458	0.112766	0.006379	0.188193	0.136300	0.053097	0.002153	-0.005986	0.033702	-0.014372	0.029351	0.171588	-0.008148	-0.000866	0.041936	0.201210	0.003253	0.008320	0.021461	0.007245	0.022103	0.137570	0.101111	0.108926	0.112758	0.186082	0.000000	0.084472	0.002274	0.126131	0.157798	0.025747	-0.011710	-0.002701
SC	-0.021992	-0.049465	-0.027963	0.056045	-0.019079	0.012300	-0.055703	0.102523	0.011749	-0.024500	-0.005310	-0.019608	-0.018445	-0.031856	0.005376	-0.037422	0.007905	0.084767	0.090058	-0.031550	-0.057796	0.046972	-0.023458	-0.003826	-0.019515	0.088415	-0.025425	-0.052742	-0.084677	0.003308	-0.102151	0.084472	0.000000	-0.008081	0.007966	0.029412	-0.031379	0.076826	0.079951
SEG	-0.037485	0.049410	0.003966	-0.040369	-0.074900	0.131796	0.038038	-0.005223	0.122654	0.038750	-0.013775	-0.065022	-0.077683	-0.070621	nan	-0.073080	0.097103	-0.003401	-0.001323	-0.117895	nan	0.003440	-0.072344	-0.051815	-0.078332	-0.006711	0.085231	-0.002789	nan	0.084787	nan	0.002274	-0.008081	0.000000	0.145576	0.148481	-0.074770	-0.005949	0.004545
SIN	0.064497	-0.015854	0.058931	0.107390	0.051683	0.090960	0.025424	0.144801	0.133652	0.043344	0.068366	0.051374	0.055355	0.020578	0.140766	0.008111	0.109507	0.138826	0.130901	0.070537	0.092342	0.094211	0.050733	0.056668	0.057055	0.153587	0.038430	0.031054	0.077703	0.067578	0.103604	0.126131	0.007966	0.145576	0.000000	0.117680	-0.000953	0.128753	0.129944
TO	0.063905	0.081098	0.049270	0.137413	0.050481	0.051977	0.050242	0.163856	0.103943	0.051790	0.042621	0.048984	0.048736	0.035166	0.169657	0.037897	0.064982	0.163093	0.158008	0.032500	0.161740	0.146425	0.050122	0.054382	0.077301	0.150224	0.089984	0.008432	0.064470	0.035291	0.170788	0.157798	0.029412	0.148481	0.117680	0.000000	0.039232	0.152249	0.144068
UBR	-0.028357	-0.019466	-0.040541	-0.010618	-0.044498	0.014644	-0.020871	0.035490	0.056472	-0.010835	-0.032847	-0.055780	-0.044358	-0.047748	-0.065514	-0.051305	0.017388	0.017375	0.028642	-0.045538	-0.015469	-0.005583	-0.048828	-0.023431	-0.032127	0.031146	0.011047	-0.027102	-0.075523	0.003704	0.003640	0.025747	-0.031379	-0.074770	-0.000953	0.039232	0.000000	0.010118	0.002510
WA	-0.001823	0.115144	0.073566	-0.015976	0.003704	0.105903	0.092662	0.012537	0.177479	0.118157	0.042184	-0.006135	-0.014215	0.016536	-0.035620	0.015692	0.158220	-0.002312	-0.000499	0.026282	0.180475	0.001163	-0.023241	0.009870	-0.006927	0.028161	0.121175	0.084987	0.081926	0.101940	0.178100	-0.011710	0.076826	-0.005949	0.128753	0.152249	0.010118	0.000000	-0.002315
WAR	0.008314	0.122249	0.078049	-0.008691	0.001206	0.102041	0.095990	0.013810	0.182036	0.117462	0.030957	-0.013189	-0.022343	0.017035	-0.002268	0.013701	0.150966	0.001699	0.003964	0.024436	0.199546	0.008542	-0.005521	0.010256	0.004310	0.021935	0.121043	0.085799	0.103175	0.100022	0.198413	-0.002701	0.079951	0.004545	0.129944	0.144068	0.002510	-0.002315	0.000000
