Obs.	AIL	AV	BLU	BR	BUF	CAL1	CAL2	COB	COO	DE	DUN	FOR	GA	GIL	GOD	HA2	HL	HO	KA	KIT	KSR	MAP	MTC	NEY	NH	NY	PA1	PAR	PT	PUS	SAR	SC	SEG	SIN	TO	UBR	WA	WAR
AIL	0.000000	0.578493	0.672609	0.449024	0.892724	0.515606	0.490814	0.527519	0.443850	0.712805	0.423062	0.358454	0.000000	0.567611	0.411959	0.386904	0.606513	0.424270	0.548726	0.348350	0.534075	0.531078	0.461708	0.606896	0.664332	0.431389	0.446338	0.797795	0.448990	0.443520	0.522964	0.400465	0.458361	0.516076	0.597791	0.873608	0.511219	0.563491
AV	0.578493	0.000000	0.470351	0.329836	0.730622	0.312351	0.359874	0.370077	0.293206	0.458425	0.299350	0.261393	0.000000	0.422272	0.262769	0.226159	0.384046	0.270518	0.374981	0.201784	0.329748	0.339465	0.324853	0.471021	0.453474	0.311556	0.235704	0.470168	0.229043	0.256600	0.350109	0.216476	0.305703	0.385204	0.489278	0.621635	0.351302	0.414091
BLU	0.672609	0.470351	0.000000	0.335413	0.799463	0.356931	0.378974	0.424126	0.320665	0.575934	0.326463	0.265023	0.000000	0.466111	0.302489	0.257397	0.564764	0.303927	0.405962	0.222055	0.378505	0.387066	0.359973	0.496125	0.540953	0.321179	0.329034	0.662726	0.324086	0.309175	0.381087	0.278634	0.298664	0.404570	0.532082	0.769828	0.381051	0.460799
BR	0.449024	0.329836	0.335413	0.000000	0.651811	0.116621	0.043328	0.158760	0.042401	0.441828	0.084613	0.006997	0.000000	0.154603	0.061765	0.067516	0.428072	0.048538	0.254021	0.027485	0.093895	0.209242	0.057496	0.269177	0.297748	0.051962	0.161293	0.494270	0.147690	0.092090	0.185881	0.067328	0.059237	0.180331	0.188374	0.645541	0.109294	0.178903
BUF	0.892724	0.730622	0.799463	0.651811	0.000000	0.709151	0.705730	0.702496	0.624852	0.824199	0.588621	0.544483	0.000000	0.763175	0.585041	0.508654	0.751155	0.590804	0.664681	0.485401	0.733876	0.656918	0.664914	0.660565	0.809206	0.599831	0.558345	0.935856	0.570334	0.580797	0.674779	0.545127	0.617885	0.681905	0.793566	0.978993	0.686001	0.742442
CAL1	0.515606	0.312351	0.356931	0.116621	0.709151	0.000000	0.174713	0.226510	0.107685	0.456673	0.156700	0.081017	0.000000	0.269200	0.129090	0.094506	0.434585	0.119905	0.276612	0.050172	0.130233	0.249097	0.162359	0.334063	0.346606	0.130263	0.169761	0.497855	0.175479	0.133227	0.233342	0.101229	0.145914	0.205895	0.343286	0.677574	0.194136	0.270176
CAL2	0.490814	0.359874	0.378974	0.043328	0.705730	0.174713	0.000000	0.177857	0.077940	0.481980	0.122195	0.016592	0.000000	0.159367	0.106980	0.104511	0.459969	0.078770	0.288279	0.066260	0.103144	0.222314	0.120106	0.335057	0.365732	0.094652	0.209726	0.537066	0.179479	0.140593	0.212808	0.101809	0.099825	0.229415	0.205196	0.686375	0.170818	0.180298
COB	0.527519	0.370077	0.424126	0.158760	0.702496	0.226510	0.177857	0.000000	0.172675	0.514133	0.184551	0.119206	0.000000	0.261397	0.151776	0.134828	0.470829	0.165003	0.321751	0.129294	0.210401	0.289363	0.182768	0.367813	0.395147	0.163853	0.247796	0.552624	0.230695	0.183345	0.283666	0.161577	0.197466	0.282468	0.325767	0.677997	0.245193	0.280464
COO	0.443850	0.293206	0.320665	0.042401	0.624852	0.107685	0.077940	0.172675	0.000000	0.409999	0.085621	0.029506	0.000000	0.167593	0.078500	0.082571	0.391711	0.063000	0.216474	0.040079	0.068884	0.221228	0.083439	0.301159	0.306584	0.084188	0.153003	0.453300	0.161776	0.093787	0.198449	0.082697	0.071509	0.183513	0.230969	0.604569	0.152471	0.201213
DE	0.712805	0.458425	0.575934	0.441828	0.824199	0.456673	0.481980	0.514133	0.409999	0.000000	0.402358	0.374122	0.000000	0.549382	0.364441	0.353458	0.511823	0.366742	0.494640	0.304573	0.451724	0.446771	0.445705	0.555890	0.578307	0.411559	0.324105	0.655030	0.375326	0.367856	0.477490	0.331810	0.414039	0.494442	0.612921	0.764815	0.469325	0.533727
DUN	0.423062	0.299350	0.326463	0.084613	0.588621	0.156700	0.122195	0.184551	0.085621	0.402358	0.000000	0.063940	0.000000	0.226699	0.107042	0.095385	0.388125	0.107410	0.247585	0.066943	0.134980	0.220442	0.109206	0.269375	0.302409	0.109943	0.172910	0.431477	0.168256	0.115439	0.196372	0.101036	0.109033	0.191620	0.275413	0.572952	0.153458	0.213675
FOR	0.358454	0.261393	0.265023	0.006997	0.544483	0.081017	0.016592	0.119206	0.029506	0.374122	0.063940	0.000000	0.000000	0.151528	0.040040	0.064291	0.375966	0.035092	0.197578	0.015096	0.052718	0.154393	0.032555	0.245888	0.220686	0.041155	0.139436	0.378705	0.117629	0.077621	0.153377	0.047222	0.049832	0.147433	0.171092	0.533179	0.119274	0.128725
GA	0.000000	0.000000	0.000000	0.000000	0.000000	0.000000	0.000000	0.000000	0.000000	0.000000	0.000000	0.000000	0.000000	0.000000	0.000000	0.000000	0.000000	0.000000	0.000000	0.000000	0.000000	0.000000	0.000000	0.000000	0.000000	0.000000	0.000000	0.000000	0.000000	0.000000	0.000000	0.000000	0.000000	0.000000	0.000000	0.000000	0.000000	0.000000
GIL	0.567611	0.422272	0.466111	0.154603	0.763175	0.269200	0.159367	0.261397	0.167593	0.549382	0.226699	0.151528	0.000000	0.000000	0.182997	0.174094	0.516849	0.182541	0.341389	0.151695	0.170799	0.326732	0.224963	0.420077	0.438996	0.185246	0.281988	0.609265	0.274835	0.198717	0.329782	0.183285	0.205622	0.292548	0.278452	0.732263	0.295152	0.329806
GOD	0.411959	0.262769	0.302489	0.061765	0.585041	0.129090	0.106980	0.151776	0.078500	0.364441	0.107042	0.040040	0.000000	0.182997	0.000000	0.067063	0.379229	0.052407	0.220798	0.026505	0.079024	0.180046	0.066603	0.274774	0.248130	0.087794	0.139745	0.410756	0.131775	0.056141	0.196212	0.040666	0.098816	0.192361	0.267985	0.566754	0.153126	0.196632
HA2	0.386904	0.226159	0.257397	0.067516	0.508654	0.094506	0.104511	0.134828	0.082571	0.353458	0.095385	0.064291	0.000000	0.174094	0.067063	0.000000	0.349260	0.051394	0.189482	0.017054	0.080115	0.152503	0.074981	0.243615	0.240687	0.089440	0.129426	0.368306	0.097402	0.048828	0.146106	0.043749	0.075070	0.166865	0.255278	0.495182	0.122800	0.195920
HL	0.606513	0.384046	0.564764	0.428072	0.751155	0.434585	0.459969	0.470829	0.391711	0.511823	0.388125	0.375966	0.000000	0.516849	0.379229	0.349260	0.000000	0.377469	0.470746	0.321735	0.441884	0.448573	0.426907	0.543940	0.549059	0.406135	0.334544	0.536262	0.357840	0.371142	0.462790	0.347487	0.404055	0.471285	0.553435	0.648968	0.435561	0.506258
HO	0.424270	0.270518	0.303927	0.048538	0.590804	0.119905	0.078770	0.165003	0.063000	0.366742	0.107410	0.035092	0.000000	0.182541	0.052407	0.051394	0.377469	0.000000	0.208091	0.027639	0.063921	0.189144	0.087106	0.267987	0.267918	0.063781	0.140577	0.405258	0.128807	0.025055	0.183807	0.032047	0.078425	0.165372	0.247584	0.558023	0.129979	0.197017
KA	0.548726	0.374981	0.405962	0.254021	0.664681	0.276612	0.288279	0.321751	0.216474	0.494640	0.247585	0.197578	0.000000	0.341389	0.220798	0.189482	0.470746	0.208091	0.000000	0.143071	0.277160	0.315930	0.266545	0.392632	0.392573	0.226783	0.243904	0.532545	0.264375	0.217308	0.321256	0.187547	0.222947	0.319863	0.412492	0.658466	0.303738	0.391285
KIT	0.348350	0.201784	0.222055	0.027485	0.485401	0.050172	0.066260	0.129294	0.040079	0.304573	0.066943	0.015096	0.000000	0.151695	0.026505	0.017054	0.321735	0.027639	0.143071	0.000000	0.026110	0.120272	0.039839	0.219819	0.177446	0.052960	0.088659	0.335248	0.076311	0.024909	0.142670	0.011788	0.043198	0.132129	0.216490	0.471208	0.083599	0.166059
KSR	0.534075	0.329748	0.378505	0.093895	0.733876	0.130233	0.103144	0.210401	0.068884	0.451724	0.134980	0.052718	0.000000	0.170799	0.079024	0.080115	0.441884	0.063921	0.277160	0.026110	0.000000	0.248825	0.120349	0.320198	0.371619	0.089923	0.171498	0.534823	0.168106	0.101187	0.211906	0.095219	0.098662	0.212161	0.262757	0.706579	0.176718	0.224963
MAP	0.531078	0.339465	0.387066	0.209242	0.656918	0.249097	0.222314	0.289363	0.221228	0.446771	0.220442	0.154393	0.000000	0.326732	0.180046	0.152503	0.448573	0.189144	0.315930	0.120272	0.248825	0.000000	0.231185	0.381499	0.367906	0.214891	0.229477	0.507539	0.203881	0.188125	0.297763	0.137447	0.198030	0.314044	0.391135	0.641685	0.291486	0.325929
MTC	0.461708	0.324853	0.359973	0.057496	0.664914	0.162359	0.120106	0.182768	0.083439	0.445705	0.109206	0.032555	0.000000	0.224963	0.066603	0.074981	0.426907	0.087106	0.266545	0.039839	0.120349	0.231185	0.000000	0.304928	0.327376	0.079849	0.172991	0.509858	0.168808	0.109076	0.196740	0.090230	0.111232	0.197832	0.260238	0.650162	0.153221	0.185948
NEY	0.606896	0.471021	0.496125	0.269177	0.660565	0.334063	0.335057	0.367813	0.301159	0.555890	0.269375	0.245888	0.000000	0.420077	0.274774	0.243615	0.543940	0.267987	0.392632	0.219819	0.320198	0.381499	0.304928	0.000000	0.468821	0.279927	0.329269	0.604422	0.298914	0.277090	0.376241	0.277628	0.286357	0.370805	0.470584	0.728656	0.352434	0.400228
NH	0.664332	0.453474	0.540953	0.297748	0.809206	0.346606	0.365732	0.395147	0.306584	0.578307	0.302409	0.220686	0.000000	0.438996	0.248130	0.240687	0.549059	0.267918	0.392573	0.177446	0.371619	0.367906	0.327376	0.468821	0.000000	0.288303	0.288738	0.679583	0.310704	0.269107	0.382799	0.254318	0.325851	0.376824	0.505493	0.799755	0.372379	0.448120
NY	0.431389	0.311556	0.321179	0.051962	0.599831	0.130263	0.094652	0.163853	0.084188	0.411559	0.109943	0.041155	0.000000	0.185246	0.087794	0.089440	0.406135	0.063781	0.226783	0.052960	0.089923	0.214891	0.079849	0.279927	0.288303	0.000000	0.175347	0.426051	0.165157	0.096019	0.195734	0.088793	0.100676	0.191109	0.252905	0.595406	0.150010	0.196606
PA1	0.446338	0.235704	0.329034	0.161293	0.558345	0.169761	0.209726	0.247796	0.153003	0.324105	0.172910	0.139436	0.000000	0.281988	0.139745	0.129426	0.334544	0.140577	0.243904	0.088659	0.171498	0.229477	0.172991	0.329269	0.288738	0.175347	0.000000	0.378722	0.168263	0.134716	0.226442	0.120081	0.151048	0.243839	0.339045	0.511064	0.206677	0.282316
PAR	0.797795	0.470168	0.662726	0.494270	0.935856	0.497855	0.537066	0.552624	0.453300	0.655030	0.431477	0.378705	0.000000	0.609265	0.410756	0.368306	0.536262	0.405258	0.532545	0.335248	0.534823	0.507539	0.509858	0.604422	0.679583	0.426051	0.378722	0.000000	0.390455	0.404406	0.497915	0.366557	0.441060	0.527923	0.659870	0.901844	0.515694	0.572761
PT	0.448990	0.229043	0.324086	0.147690	0.570334	0.175479	0.179479	0.230695	0.161776	0.375326	0.168256	0.117629	0.000000	0.274835	0.131775	0.097402	0.357840	0.128807	0.264375	0.076311	0.168106	0.203881	0.168808	0.298914	0.310704	0.165157	0.168263	0.390455	0.000000	0.133755	0.214622	0.110486	0.151107	0.238886	0.338926	0.532937	0.187817	0.261577
PUS	0.443520	0.256600	0.309175	0.092090	0.580797	0.133227	0.140593	0.183345	0.093787	0.367856	0.115439	0.077621	0.000000	0.198717	0.056141	0.048828	0.371142	0.025055	0.217308	0.024909	0.101187	0.188125	0.109076	0.277090	0.269107	0.096019	0.134716	0.404406	0.133755	0.000000	0.187063	0.004570	0.105036	0.203931	0.297911	0.555318	0.157867	0.231987
SAR	0.522964	0.350109	0.381087	0.185881	0.674779	0.233342	0.212808	0.283666	0.198449	0.477490	0.196372	0.153377	0.000000	0.329782	0.196212	0.146106	0.462790	0.183807	0.321256	0.142670	0.211906	0.297763	0.196740	0.376241	0.382799	0.195734	0.226442	0.497915	0.214622	0.187063	0.000000	0.182660	0.199914	0.264970	0.376573	0.650799	0.231312	0.289335
SC	0.400465	0.216476	0.278634	0.067328	0.545127	0.101229	0.101809	0.161577	0.082697	0.331810	0.101036	0.047222	0.000000	0.183285	0.040666	0.043749	0.347487	0.032047	0.187547	0.011788	0.095219	0.137447	0.090230	0.277628	0.254318	0.088793	0.120081	0.366557	0.110486	0.004570	0.182660	0.000000	0.051295	0.185259	0.257867	0.506594	0.154962	0.198192
SEG	0.458361	0.305703	0.298664	0.059237	0.617885	0.145914	0.099825	0.197466	0.071509	0.414039	0.109033	0.049832	0.000000	0.205622	0.098816	0.075070	0.404055	0.078425	0.222947	0.043198	0.098662	0.198030	0.111232	0.286357	0.325851	0.100676	0.151048	0.441060	0.151107	0.105036	0.199914	0.051295	0.000000	0.197437	0.245345	0.604687	0.155725	0.224595
SIN	0.516076	0.385204	0.404570	0.180331	0.681905	0.205895	0.229415	0.282468	0.183513	0.494442	0.191620	0.147433	0.000000	0.292548	0.192361	0.166865	0.471285	0.165372	0.319863	0.132129	0.212161	0.314044	0.197832	0.370805	0.376824	0.191109	0.243839	0.527923	0.238886	0.203931	0.264970	0.185259	0.197437	0.000000	0.343419	0.657477	0.248769	0.299419
TO	0.597791	0.489278	0.532082	0.188374	0.793566	0.343286	0.205196	0.325767	0.230969	0.612921	0.275413	0.171092	0.000000	0.278452	0.267985	0.255278	0.553435	0.247584	0.412492	0.216490	0.262757	0.391135	0.260238	0.470584	0.505493	0.252905	0.339045	0.659870	0.338926	0.297911	0.376573	0.257867	0.245345	0.343419	0.000000	0.769275	0.310182	0.348523
UBR	0.873608	0.621635	0.769828	0.645541	0.978993	0.677574	0.686375	0.677997	0.604569	0.764815	0.572952	0.533179	0.000000	0.732263	0.566754	0.495182	0.648968	0.558023	0.658466	0.471208	0.706579	0.641685	0.650162	0.728656	0.799755	0.595406	0.511064	0.901844	0.532937	0.555318	0.650799	0.506594	0.604687	0.657477	0.769275	0.000000	0.654806	0.705003
WA	0.511219	0.351302	0.381051	0.109294	0.686001	0.194136	0.170818	0.245193	0.152471	0.469325	0.153458	0.119274	0.000000	0.295152	0.153126	0.122800	0.435561	0.129979	0.303738	0.083599	0.176718	0.291486	0.153221	0.352434	0.372379	0.150010	0.206677	0.515694	0.187817	0.157867	0.231312	0.154962	0.155725	0.248769	0.310182	0.654806	0.000000	0.241152
WAR	0.563491	0.414091	0.460799	0.178903	0.742442	0.270176	0.180298	0.280464	0.201213	0.533727	0.213675	0.128725	0.000000	0.329806	0.196632	0.195920	0.506258	0.197017	0.391285	0.166059	0.224963	0.325929	0.185948	0.400228	0.448120	0.196606	0.282316	0.572761	0.261577	0.231987	0.289335	0.198192	0.224595	0.299419	0.348523	0.705003	0.241152	0.000000
